3 3
21 21 21 
21 21
1 1 1 1 1 1 1 1 1 1 1 1 1 1 1 1 1 1 1 1 1 
1 0 1 E 0 0 0 0 0 0 1 0 0 0 0 0 1 0 0 0 1 
1 0 1 0 1 0 1 1 1 0 1 0 1 0 1 1 1 0 1 0 1 
1 0 0 0 1 0 0 0 1 0 1 0 1 0 0 0 0 0 1 0 1 
1 0 1 0 1 1 1 0 1 1 1 0 1 1 1 1 1 0 1 0 1 
1 0 1 0 1 0 0 0 0 0 1 0 0 0 0 0 1 0 1 0 1 
1 1 1 1 1 0 1 1 1 1 1 1 1 1 1 0 1 1 1 0 1 
1 0 0 0 1 0 0 0 1 0 1 0 0 0 0 0 1 0 1 0 1 
1 0 1 0 1 0 1 0 1 0 1 0 1 1 1 1 1 0 1 0 1 
1 0 1 0 0 0 1 0 1 0 1 0 0 0 0 S 1 0 1 0 1 
1 0 1 0 1 0 1 0 1 0 1 1 1 1 1 1 1 0 1 0 1 
1 0 1 0 1 0 1 0 1 0 0 0 0 0 1 0 1 0 0 0 1 
1 0 1 1 1 1 1 1 1 0 1 1 1 1 1 0 1 0 1 1 1 
1 0 0 0 1 0 0 0 0 0 0 0 0 0 0 0 0 0 1 0 1 
1 0 1 1 1 0 1 1 1 1 1 1 1 0 1 1 1 0 1 0 1 
1 0 0 0 0 0 1 0 0 0 1 0 0 0 1 0 1 0 0 0 1 
1 0 1 1 1 1 1 1 1 0 1 0 1 1 1 0 1 0 1 1 1 
1 0 0 0 1 0 0 0 1 0 0 0 0 0 1 0 1 0 0 0 1 
1 0 1 0 1 0 1 0 1 0 1 0 1 1 1 0 1 1 1 0 1 
1 0 1 0 0 0 1 0 1 0 1 0 0 0 0 0 0 0 1 0 1 
1 1 1 1 1 1 1 1 1 1 1 1 1 1 1 1 1 1 1 1 1 
21 21
1 1 1 1 1 1 1 1 1 1 1 1 1 1 1 1 1 1 1 1 1 
1 0 0 E 1 0 0 0 1 0 0 0 1 0 0 0 0 0 1 0 1 
1 0 1 1 1 1 1 0 1 0 1 0 1 1 1 0 1 0 1 0 1 
1 0 0 0 1 0 0 0 0 0 1 0 0 0 1 0 1 0 1 0 1 
1 0 1 0 1 0 1 0 1 1 1 1 1 0 1 0 1 1 1 0 1 
1 0 1 0 1 0 1 0 1 0 0 0 0 0 1 0 1 0 1 0 1 
1 1 1 0 1 0 1 0 1 1 1 1 1 0 1 0 1 0 1 0 1 
1 0 1 0 0 0 1 0 1 0 1 0 0 0 0 0 1 0 0 0 1 
1 0 1 0 1 1 1 0 1 0 1 1 1 1 1 0 1 1 1 0 1 
1 0 0 0 0 0 1 0 0 0 0 0 1 0 0 0 0 0 1 0 1 
1 0 1 0 1 1 1 1 1 1 1 0 1 1 1 1 1 0 1 0 1 
1 0 1 0 1 0 1 0 1 0 0 0 0 0 1 0 0 0 1 0 1 
1 0 1 1 1 0 1 0 1 0 1 1 1 1 1 0 1 1 1 0 1 
1 0 0 0 0 0 0 0 1 0 1 0 0 0 1 0 1 0 0 0 1 
1 0 1 1 1 1 1 1 1 0 1 1 1 0 1 0 1 0 1 0 1 
1 0 0 0 0 0 0 0 1 0 1 0 0 0 0 S 0 0 1 0 1 
1 0 1 0 1 1 1 0 1 0 1 1 1 1 1 1 1 1 1 1 1 
1 0 1 0 0 0 1 0 1 0 0 0 0 0 0 0 1 0 0 0 1 
1 0 1 1 1 1 1 1 1 1 1 1 1 1 1 0 1 0 1 0 1 
1 0 0 0 0 0 0 0 0 0 0 0 0 0 1 0 0 0 1 0 1 
1 1 1 1 1 1 1 1 1 1 1 1 1 1 1 1 1 1 1 1 1 
21 21
1 1 1 1 1 1 1 1 1 1 1 1 1 1 1 1 1 1 1 1 1 
1 E 0 0 1 0 0 0 0 0 0 0 1 0 1 0 0 0 0 0 1 
1 0 1 1 1 0 1 1 1 1 1 0 1 0 1 0 1 1 1 0 1 
1 0 0 0 1 0 1 0 0 0 0 0 1 0 1 0 1 0 0 0 1 
1 0 1 0 1 0 1 0 1 1 1 1 1 0 1 0 1 0 1 1 1 
1 0 1 0 0 0 1 0 0 0 0 0 0 0 1 0 1 0 0 0 1 
1 0 1 1 1 1 1 0 1 1 1 1 1 0 1 0 1 1 1 0 1 
1 0 0 0 0 0 1 0 0 0 0 0 1 0 0 0 0 0 1 0 1 
1 1 1 0 1 1 1 1 1 1 1 1 1 0 1 0 1 0 1 1 1 
1 0 1 0 0 0 1 0 0 0 0 0 1 0 1 0 1 0 0 0 1 
1 0 1 1 1 0 1 0 1 1 1 0 1 1 1 1 1 0 1 0 1 
1 0 0 0 1 0 0 0 1 0 0 0 1 0 0 0 0 0 1 0 1 
1 0 1 0 1 1 1 1 1 0 1 1 1 0 1 1 1 1 1 0 1 
1 0 1 0 0 0 0 0 0 0 1 0 0 0 1 0 0 0 0 0 1 
1 0 1 1 1 1 1 1 1 1 1 0 1 1 1 0 1 1 1 1 1 
1 0 0 0 0 0 0 0 0 S 1 0 1 0 0 0 0 0 0 0 1 
1 1 1 1 1 1 1 1 1 1 1 0 1 1 1 1 1 1 1 0 1 
1 0 0 0 0 0 1 0 0 0 1 0 0 0 1 0 0 0 1 0 1 
1 0 1 0 1 1 1 0 1 0 1 0 1 0 1 0 1 0 1 1 1 
1 0 1 0 0 0 0 0 1 0 0 0 1 0 0 0 1 0 0 0 1 
1 1 1 1 1 1 1 1 1 1 1 1 1 1 1 1 1 1 1 1 1 
359
15 9 15 
14 9 15 
13 9 15 
12 9 15 
11 9 15 
11 8 15 
11 7 15 
12 7 15 
13 7 15 
14 7 15 
15 7 15 
15 6 15 
15 5 15 
14 5 15 
13 5 15 
12 5 15 
11 5 15 
11 4 15 
11 3 15 
11 2 15 
11 1 15 
12 1 15 
13 1 15 
13 2 15 
13 3 15 
14 3 15 
15 3 15 
16 3 15 
17 3 15 
17 2 15 
17 1 15 
17 1 14 
17 1 13 
18 1 13 
19 1 13 
19 1 12 
19 1 11 
19 2 11 
19 3 11 
19 3 12 
19 3 13 
19 4 13 
19 5 13 
19 6 13 
19 7 13 
19 8 13 
19 9 13 
19 9 12 
19 9 11 
19 10 11 
19 11 11 
19 11 10 
19 11 9 
19 10 9 
19 9 9 
19 8 9 
19 7 9 
19 7 10 
19 7 11 
19 6 11 
19 5 11 
19 5 10 
19 5 9 
19 4 9 
19 3 9 
19 3 8 
19 3 7 
19 2 7 
19 1 7 
19 1 6 
19 1 5 
19 1 4 
19 1 3 
19 2 3 
19 3 3 
19 3 4 
19 3 5 
19 4 5 
19 5 5 
19 5 4 
19 5 3 
19 5 2 
19 5 1 
19 6 1 
19 7 1 
19 8 1 
19 9 1 
19 10 1 
19 11 1 
19 11 2 
19 11 3 
19 10 3 
19 9 3 
19 8 3 
19 7 3 
19 7 4 
19 7 5 
19 7 6 
19 7 7 
19 8 7 
19 9 7 
19 10 7 
19 11 7 
18 11 7 
17 11 7 
17 10 7 
17 9 7 
17 8 7 
17 7 7 
17 7 6 
17 7 5 
17 8 5 
17 9 5 
17 10 5 
17 11 5 
17 12 5 
17 13 5 
17 13 6 
17 13 7 
17 14 7 
17 15 7 
17 16 7 
17 17 7 
18 17 7 
19 17 7 
19 17 8 
19 17 9 
19 18 9 
19 19 9 
19 19 10 
19 19 11 
19 19 12 
19 19 13 
19 18 13 
19 17 13 
18 17 13 
17 17 13 
17 16 13 
17 15 13 
17 15 14 
17 15 15 
17 14 15 
17 13 15 
16 13 15 
15 13 15 
14 13 15 
13 13 15 
13 14 15 
13 15 15 
12 15 15 
11 15 15 
11 16 15 
11 17 15 
11 18 15 
11 19 15 
12 19 15 
13 19 15 
14 19 15 
15 19 15 
15 18 15 
15 17 15 
15 16 15 
15 15 15 
15 15 14 
15 15 13 
15 16 13 
15 17 13 
15 18 13 
15 19 13 
15 19 12 
15 19 11 
16 19 11 
17 19 11 
17 19 10 
17 19 9 
16 19 9 
15 19 9 
15 18 9 
15 17 9 
15 17 8 
15 17 7 
15 16 7 
15 15 7 
15 15 6 
15 15 5 
15 15 4 
15 15 3 
15 15 2 
15 15 1 
15 16 1 
15 17 1 
15 18 1 
15 19 1 
15 19 2 
15 19 3 
15 18 3 
15 17 3 
15 17 4 
15 17 5 
15 18 5 
15 19 5 
15 19 6 
15 19 7 
14 19 7 
13 19 7 
13 19 6 
13 19 5 
12 19 5 
11 19 5 
11 18 5 
11 17 5 
12 17 5 
13 17 5 
13 17 4 
13 17 3 
12 17 3 
11 17 3 
11 18 3 
11 19 3 
11 19 2 
11 19 1 
11 18 1 
11 17 1 
11 16 1 
11 15 1 
11 15 2 
11 15 3 
12 15 3 
13 15 3 
13 15 4 
13 15 5 
13 15 6 
13 15 7 
13 14 7 
13 13 7 
13 13 6 
13 13 5 
13 13 4 
13 13 3 
12 13 3 
11 13 3 
11 13 2 
11 13 1 
10 13 1 
9 13 1 
9 13 2 
9 13 3 
8 13 3 
7 13 3 
6 13 3 
5 13 3 
5 13 4 
5 13 5 
5 13 6 
5 13 7 
5 14 7 
5 15 7 
4 15 7 
3 15 7 
3 15 8 
3 15 9 
2 15 9 
1 15 9 
1 15 8 
1 15 7 
1 14 7 
1 13 7 
1 13 8 
1 13 9 
2 13 9 
3 13 9 
3 13 8 
3 13 7 
3 13 6 
3 13 5 
3 13 4 
3 13 3 
2 13 3 
1 13 3 
1 13 4 
1 13 5 
1 12 5 
1 11 5 
1 10 5 
1 9 5 
1 8 5 
1 7 5 
1 7 4 
1 7 3 
2 7 3 
3 7 3 
3 7 4 
3 7 5 
3 7 6 
3 7 7 
3 8 7 
3 9 7 
4 9 7 
5 9 7 
5 8 7 
5 7 7 
5 7 6 
5 7 5 
5 7 4 
5 7 3 
6 7 3 
7 7 3 
7 8 3 
7 9 3 
7 10 3 
7 11 3 
7 11 2 
7 11 1 
7 10 1 
7 9 1 
7 8 1 
7 7 1 
6 7 1 
5 7 1 
5 6 1 
5 5 1 
6 5 1 
7 5 1 
7 5 2 
7 5 3 
7 5 4 
7 5 5 
7 4 5 
7 3 5 
7 3 4 
7 3 3 
6 3 3 
5 3 3 
5 2 3 
5 1 3 
5 1 4 
5 1 5 
5 1 6 
5 1 7 
4 1 7 
3 1 7 
3 1 6 
3 1 5 
3 1 4 
3 1 3 
3 2 3 
3 3 3 
2 3 3 
1 3 3 
1 2 3 
1 1 3 
1 1 2 
1 1 1 
1 2 1 
1 3 1 
2 3 1 
3 3 1 
3 2 1 
3 1 1 
